vesselCount = 2
UT = 218481248.17081532
gameMode = CAREER
gameNull = False
gameCompatible = True
funds = 13636055.580665588
science = 153
reputationPercent = 28
ongoingContracts = 0
missionCurrentScore = 0
missionIsStarted = False
missionIsEnded = False
missionHistoryId = 00000000-0000-0000-0000-000000000000
missionExpansionVersion = 
saveMD5 = 6aec426c0e27dff9a9ffa525c6ba23ab
