vesselCount = 3
UT = 218434515.33591652
gameMode = CAREER
gameNull = False
gameCompatible = True
funds = 12446775.580665588
science = 113
reputationPercent = 19
ongoingContracts = 0
missionCurrentScore = 0
missionIsStarted = False
missionIsEnded = False
missionHistoryId = 00000000-0000-0000-0000-000000000000
missionExpansionVersion = 
saveMD5 = 3267a7d9a209d63b03305f1b7cb93200
