vesselCount = 3
UT = 151676245.0033775
gameMode = CAREER
gameNull = False
gameCompatible = True
funds = 10703335.580665588
science = 61
reputationPercent = 8
ongoingContracts = 0
missionCurrentScore = 0
missionIsStarted = False
missionIsEnded = False
missionHistoryId = 00000000-0000-0000-0000-000000000000
missionExpansionVersion = 
saveMD5 = 3290db22b20771858f7abc9cc9a673b9
