vesselCount = 7
UT = 162228919.26332694
gameMode = CAREER
gameNull = False
gameCompatible = True
funds = 11308455.580665588
science = 80
reputationPercent = 12
ongoingContracts = 0
missionCurrentScore = 0
missionIsStarted = False
missionIsEnded = False
missionHistoryId = 00000000-0000-0000-0000-000000000000
missionExpansionVersion = 
saveMD5 = 496dc7633f22c7b09a99f7079f28649b
