vesselCount = 1
UT = 334368.27779784013
gameMode = CAREER
gameNull = False
gameCompatible = True
funds = 10187227.143554688
science = 23
reputationPercent = 4
ongoingContracts = 0
missionCurrentScore = 0
missionIsStarted = False
missionIsEnded = False
missionHistoryId = 00000000-0000-0000-0000-000000000000
missionExpansionVersion = 
saveMD5 = 1fbcb5bfab9a90897fd41e7a226f5565
