vesselCount = 1
UT = 536719.80076324393
gameMode = CAREER
gameNull = False
gameCompatible = True
funds = 10138415.345703125
science = 23
reputationPercent = 4
ongoingContracts = 0
missionCurrentScore = 0
missionIsStarted = False
missionIsEnded = False
missionHistoryId = 00000000-0000-0000-0000-000000000000
missionExpansionVersion = 
saveMD5 = 3b2585b487f6c64f28cdf3942dd0792a
