vesselCount = 7
UT = 166207585.90526161
gameMode = CAREER
gameNull = False
gameCompatible = True
funds = 12119415.580665588
science = 104
reputationPercent = 17
ongoingContracts = 0
missionCurrentScore = 0
missionIsStarted = False
missionIsEnded = False
missionHistoryId = 00000000-0000-0000-0000-000000000000
missionExpansionVersion = 
saveMD5 = 369d6e08d40a240a08815c42efb79858
