vesselCount = 4
UT = 45052697.456225358
gameMode = CAREER
gameNull = False
gameCompatible = True
funds = 10343815.580665588
science = 48
reputationPercent = 5
ongoingContracts = 0
missionCurrentScore = 0
missionIsStarted = False
missionIsEnded = False
missionHistoryId = 00000000-0000-0000-0000-000000000000
missionExpansionVersion = 
saveMD5 = 8ba94c9425794dd80e2285c37b475fde
