vesselCount = 6
UT = 162053718.20394692
gameMode = CAREER
gameNull = False
gameCompatible = True
funds = 11112535.580665588
science = 74
reputationPercent = 10
ongoingContracts = 0
missionCurrentScore = 0
missionIsStarted = False
missionIsEnded = False
missionHistoryId = 00000000-0000-0000-0000-000000000000
missionExpansionVersion = 
saveMD5 = 4e73342faa1e1956e313921669a5f1e0
