vesselCount = 1
UT = 2353758.4287185632
gameMode = CAREER
gameNull = False
gameCompatible = True
funds = 10125134.532814026
science = 35
reputationPercent = 2
ongoingContracts = 0
missionCurrentScore = 0
missionIsStarted = False
missionIsEnded = False
missionHistoryId = 00000000-0000-0000-0000-000000000000
missionExpansionVersion = 
saveMD5 = 44e1605ad9638ba8d7d496ca73dea1c3
