vesselCount = 1
UT = 2364866.6535550342
gameMode = CAREER
gameNull = False
gameCompatible = True
funds = 10114216.580665588
science = 35
reputationPercent = 2
ongoingContracts = 0
missionCurrentScore = 0
missionIsStarted = False
missionIsEnded = False
missionHistoryId = 00000000-0000-0000-0000-000000000000
missionExpansionVersion = 
saveMD5 = 1070f03259d28b39f127d8b5ce5956bf
