vesselCount = 4
UT = 45203714.977645867
gameMode = CAREER
gameNull = False
gameCompatible = True
funds = 10343815.580665588
science = 48
reputationPercent = 5
ongoingContracts = 0
missionCurrentScore = 0
missionIsStarted = False
missionIsEnded = False
missionHistoryId = 00000000-0000-0000-0000-000000000000
missionExpansionVersion = 
saveMD5 = 9225cc26ee79b0d06ad4fdd34f819459
