vesselCount = 1
UT = 531700.08976882335
gameMode = CAREER
gameNull = False
gameCompatible = True
funds = 10147773.317382813
science = 23
reputationPercent = 4
ongoingContracts = 0
missionCurrentScore = 0
missionIsStarted = False
missionIsEnded = False
missionHistoryId = 00000000-0000-0000-0000-000000000000
missionExpansionVersion = 
saveMD5 = 9d35b437106d5c5f87cf0fe7ac6ae3e3
