vesselCount = 2
UT = 579247.5307921588
gameMode = CAREER
gameNull = False
gameCompatible = True
funds = 10108786.25390625
science = 23
reputationPercent = 4
ongoingContracts = 0
missionCurrentScore = 0
missionIsStarted = False
missionIsEnded = False
missionHistoryId = 00000000-0000-0000-0000-000000000000
missionExpansionVersion = 
saveMD5 = 4a535b0e0c64840a44d77f8faa3ba8a1
