vesselCount = 3
UT = 218402795.69137353
gameMode = CAREER
gameNull = False
gameCompatible = True
funds = 12446775.580665588
science = 113
reputationPercent = 19
ongoingContracts = 0
missionCurrentScore = 0
missionIsStarted = False
missionIsEnded = False
missionHistoryId = 00000000-0000-0000-0000-000000000000
missionExpansionVersion = 
saveMD5 = 1c2bf762070d6a3855863225c95a34b6
