vesselCount = 3
UT = 218433429.45533401
gameMode = CAREER
gameNull = False
gameCompatible = True
funds = 12446775.580665588
science = 113
reputationPercent = 19
ongoingContracts = 0
missionCurrentScore = 0
missionIsStarted = False
missionIsEnded = False
missionHistoryId = 00000000-0000-0000-0000-000000000000
missionExpansionVersion = 
saveMD5 = 4689895dab0e07ad2328831b0a38ebb4
