vesselCount = 3
UT = 218410595.73903611
gameMode = CAREER
gameNull = False
gameCompatible = True
funds = 12446775.580665588
science = 113
reputationPercent = 19
ongoingContracts = 0
missionCurrentScore = 0
missionIsStarted = False
missionIsEnded = False
missionHistoryId = 00000000-0000-0000-0000-000000000000
missionExpansionVersion = 
saveMD5 = 2fcac717b37d1a148bd4804f6f4a5f6f
