vesselCount = 3
UT = 218424855.39540866
gameMode = CAREER
gameNull = False
gameCompatible = True
funds = 12446775.580665588
science = 113
reputationPercent = 19
ongoingContracts = 0
missionCurrentScore = 0
missionIsStarted = False
missionIsEnded = False
missionHistoryId = 00000000-0000-0000-0000-000000000000
missionExpansionVersion = 
saveMD5 = 5c4d02bf1c328e61ae6ef29fd50fa702
