vesselCount = 2
UT = 337440.56372554216
gameMode = CAREER
gameNull = False
gameCompatible = True
funds = 10176858.202148438
science = 23
reputationPercent = 4
ongoingContracts = 0
missionCurrentScore = 0
missionIsStarted = False
missionIsEnded = False
missionHistoryId = 00000000-0000-0000-0000-000000000000
missionExpansionVersion = 
saveMD5 = 7a1541c3d17726cd73196783e0ec13b4
