vesselCount = 2
UT = 405126.19465503335
gameMode = CAREER
gameNull = False
gameCompatible = True
funds = 10176858.202148438
science = 23
reputationPercent = 4
ongoingContracts = 0
missionCurrentScore = 0
missionIsStarted = False
missionIsEnded = False
missionHistoryId = 00000000-0000-0000-0000-000000000000
missionExpansionVersion = 
saveMD5 = 241299dd8be43ee7cebb56d0b89dc25c
